version https://git-lfs.github.com/spec/v1
oid sha256:6ac4ffcff73e0f669581d378e3b45f192211d2ff904e542951dd9595c8d7e839
size 630954
